             urlLen  authorityLen       pathLen      queryLen
count  2.246843e+07  2.246843e+07  2.246843e+07  2.246843e+07
mean   8.055238e+01  1.992590e+01  3.334248e+01  1.978921e+01
std    5.329566e+01  6.998966e+00  2.652355e+01  4.602315e+01
min    1.200000e+01  4.000000e+00  1.000000e+00  0.000000e+00
25%    4.600000e+01  1.400000e+01  1.700000e+01  0.000000e+00
50%    6.400000e+01  1.900000e+01  2.800000e+01  0.000000e+00
75%    8.900000e+01  2.500000e+01  4.600000e+01  0.000000e+00
max    5.130000e+03  1.970000e+02  2.270000e+03  5.067000e+03
Data
[1635736. 6822365. 5995909. 3238942. 1087241.  403993.  194799. 1091856.
 1243430.  638826.] [ 12.   33.4  54.8  76.2  97.6 119.  140.4 161.8 183.2 204.6 226. ] <BarContainer object of 10 artists>
Data
[ 149555. 1462104. 4069059. 3629299. 4235582. 3144905. 3134805. 1333356.
  866396.  311827.] [ 4.   7.5 11.  14.5 18.  21.5 25.  28.5 32.  35.5 39. ] <BarContainer object of 10 artists>
Data
[5206226. 6532274. 4814180. 3587419. 1042816.  529570.  322044.  176956.
   93522.   49329.] [  1.   15.5  30.   44.5  59.   73.5  88.  102.5 117.  131.5 146. ] <BarContainer object of 10 artists>
Data
[17920049.   905256.   172542.   163733.    93719.   100930.   100082.
    38728.    19121.  2840879.] [  0.   12.9  25.8  38.7  51.6  64.5  77.4  90.3 103.2 116.1 129. ] <BarContainer object of 10 artists>

Data
[1.09395e+05 1.16600e+03 1.78000e+02 1.01000e+02 1.90000e+01 4.00000e+00
 7.00000e+00 2.00000e+00 0.00000e+00 5.00000e+00] [ 228.   718.2 1208.4 1698.6 2188.8 2679.  3169.2 3659.4 4149.6 4639.8
 5130. ] <BarContainer object of 10 artists>
Data
[1.03058e+05 2.30300e+03 8.00000e+02 1.10000e+01 4.00000e+00 0.00000e+00
 3.00000e+00 1.00000e+00 1.00000e+00 2.00000e+00] [ 41.   56.6  72.2  87.8 103.4 119.  134.6 150.2 165.8 181.4 197. ] <BarContainer object of 10 artists>
Data
[1.05635e+05 4.86700e+03 6.59000e+02 8.90000e+01 5.40000e+01 3.00000e+00
 1.00000e+00 0.00000e+00 0.00000e+00 1.00000e+00] [ 148.   360.2  572.4  784.6  996.8 1209.  1421.2 1633.4 1845.6 2057.8
 2270. ] <BarContainer object of 10 artists>
Data
[8.5638e+04 1.1090e+03 1.7700e+02 1.0000e+02 2.1000e+01 5.0000e+00
 7.0000e+00 2.0000e+00 0.0000e+00 5.0000e+00] [ 131.   624.6 1118.2 1611.8 2105.4 2599.  3092.6 3586.2 4079.8 4573.4
 5067. ] <BarContainer object of 10 artists>

